2615 (446)  2485 (445) 2436 (435)   445 435 2436 
2647 (453)  2532 (453) 2482 (441)   453 441 2482
2259 (382)  2191 (381) 2161 (368)   381 368 2161

slc
11261 (513) 9736 (507) 9504 (499) 15629 (645) 6125 (145) 15629 (631.76)  507 645 15629  9736
9116  (470) 7918 (465) 7700 (456) 7728  (456) 28   (0)   7728  (429.94)  465 456 7728   7918
4410  (203) 3629 (200) 3543 (198) 3550  (198) 7    (0)   3550  (195.39)  200 198 3550   3629
1327  (118) 1215 (117) 1186 (116) 1187  (116) 1    (0)   1187  (116.36)  117 116 1187   1215

